Generations: 500
Evaluations: 1000

Starting ./data/bur26a.dat 
[LOGGER] W: 26x26 , D: 26x26
[LOGGER] W: 26x26 , D: 26x26
Simple GA: 
[11,8,22,19,13,4,2,12,17,7,6,9,24,15,0,14,3,18,16,10,20,25,23,1,21,5,]
Fitness: 5523345
Lamarckian GA: 
[9,1,5,3,18,23,4,22,17,20,14,12,0,16,8,6,24,10,13,11,7,19,15,25,2,21,]
Fitness: 5443330
Baldwinian GA: 
[6,13,10,24,17,1,18,9,16,4,19,11,20,14,5,15,22,0,3,2,7,23,12,21,8,25,]
Fitness: 5569408
Starting ./data/bur26b.dat 
[LOGGER] W: 26x26 , D: 26x26
[LOGGER] W: 26x26 , D: 26x26
Simple GA: 
[11,8,22,19,13,4,2,12,17,7,6,9,24,15,0,14,3,18,16,10,20,25,23,1,21,5,]
Fitness: 3886608
Lamarckian GA: 
[11,5,16,14,10,25,4,22,12,19,21,15,6,24,0,23,2,9,18,17,13,8,7,20,1,3,]
Fitness: 3826883
Baldwinian GA: 
[8,4,7,9,18,1,17,10,16,25,22,3,12,0,24,15,6,11,21,13,20,14,2,23,5,19,]
Fitness: 3924237
Starting ./data/chr12a.dat 
[LOGGER] W: 12x12 , D: 12x12
[LOGGER] W: 12x12 , D: 12x12
Simple GA: 
[4,6,3,10,1,9,0,8,2,5,7,11,]
Fitness: 15786
Lamarckian GA: 
[4,3,5,11,1,9,0,10,6,8,7,2,]
Fitness: 9552
Baldwinian GA: 
[10,6,5,8,1,4,11,7,3,9,0,2,]
Fitness: 13914
Starting ./data/chr12b.dat 
[LOGGER] W: 12x12 , D: 12x12
[LOGGER] W: 12x12 , D: 12x12
Simple GA: 
[5,3,7,2,9,6,4,1,11,0,8,10,]
Fitness: 16186
Lamarckian GA: 
[2,7,5,6,0,9,1,11,8,3,4,10,]
Fitness: 9742
Baldwinian GA: 
[3,6,1,7,0,10,5,9,2,8,4,11,]
Fitness: 14700
Starting ./data/chr25a.dat 
[LOGGER] W: 25x25 , D: 25x25
[LOGGER] W: 25x25 , D: 25x25
Simple GA: 
[14,16,17,22,19,21,10,1,8,2,12,18,6,0,13,23,9,15,3,11,5,20,4,7,24,]
Fitness: 11060
Lamarckian GA: 
[21,0,22,19,3,17,13,5,12,14,7,24,20,16,6,8,23,9,18,10,11,4,1,2,15,]
Fitness: 5476
Baldwinian GA: 
[24,7,11,8,5,23,13,12,9,6,14,16,15,1,20,2,10,22,0,4,18,19,21,17,3,]
Fitness: 11626
Starting ./data/lipa20a.dat 
[LOGGER] W: 20x20 , D: 20x20
[LOGGER] W: 20x20 , D: 20x20
Simple GA: 
[17,7,4,14,12,11,0,15,13,19,1,9,18,2,16,6,8,10,3,5,]
Fitness: 3842
Lamarckian GA: 
[3,10,12,8,4,11,2,17,5,6,14,7,16,13,15,9,1,19,0,18,]
Fitness: 3701
Baldwinian GA: 
[12,15,2,18,13,1,11,9,3,16,17,10,4,6,5,14,0,7,19,8,]
Fitness: 3849
Starting ./data/lipa20b.dat 
[LOGGER] W: 20x20 , D: 20x20
[LOGGER] W: 20x20 , D: 20x20
Simple GA: 
[14,1,8,2,13,11,7,18,0,6,3,4,19,15,5,9,12,16,10,17,]
Fitness: 32863
Lamarckian GA: 
[0,1,2,3,4,5,6,7,8,9,10,11,12,13,14,15,16,17,18,19,]
Fitness: 27076
Baldwinian GA: 
[14,1,13,18,7,16,0,5,2,8,3,19,9,4,12,17,10,11,6,15,]
Fitness: 32921
Starting ./data/nug12.dat 
[LOGGER] W: 12x12 , D: 12x12
[LOGGER] W: 12x12 , D: 12x12
Simple GA: 
[8,0,2,9,1,5,11,10,3,4,6,7,]
Fitness: 620
Lamarckian GA: 
[4,0,8,7,3,2,9,5,10,1,6,11,]
Fitness: 582
Baldwinian GA: 
[2,3,1,10,6,7,5,9,0,11,8,4,]
Fitness: 638
Starting ./data/nug20.dat 
[LOGGER] W: 20x20 , D: 20x20
[LOGGER] W: 20x20 , D: 20x20
Simple GA: 
[2,17,15,18,10,0,1,11,16,9,13,7,5,4,6,3,14,19,8,12,]
Fitness: 2970
Lamarckian GA: 
[3,16,18,5,8,4,2,1,19,13,7,12,9,17,11,14,0,15,10,6,]
Fitness: 2602
Baldwinian GA: 
[5,3,0,8,16,10,11,12,15,1,7,17,6,2,14,19,18,9,4,13,]
Fitness: 2880
Starting ./data/tai60a.dat 
[LOGGER] W: 60x60 , D: 60x60
[LOGGER] W: 60x60 , D: 60x60
Simple GA: 
[30,59,44,36,26,16,13,47,6,22,3,1,18,38,5,15,58,8,51,34,42,0,49,11,37,25,4,14,31,52,29,17,43,23,21,32,56,10,12,55,40,41,9,24,33,53,27,45,19,20,39,46,2,7,35,54,48,57,28,50,]
Fitness: 8253832
Lamarckian GA: 
[48,41,57,38,51,9,43,56,54,39,12,5,3,8,35,7,36,49,21,10,59,14,34,15,40,32,28,30,27,58,18,37,0,46,42,13,6,26,23,2,50,19,20,55,17,33,53,44,31,1,52,22,29,11,45,24,4,47,25,16,]
Fitness: 7804916
Baldwinian GA: 
[59,37,46,15,32,6,25,22,8,28,24,14,34,0,53,17,55,51,19,35,56,2,29,5,13,27,45,30,1,12,44,58,18,41,40,52,26,57,9,50,47,33,48,43,38,21,23,42,54,10,20,7,3,39,16,31,4,36,49,11,]
Fitness: 8217080
