
Resultados Obtenidos tai256c
=============================

Lamarck (mut=0.7 bl=1000)
51 152 49 159 98 239 143 161 30 208 223 76 177 197 12 165 31 249 95 13 191 79 176 45 174 247 24 96 245 17 227 163 184 167 9 162 101 111 21 137 59 170 136 237 23 116 240 39 229 91 110 246 57 109 128 151 80 168 224 85 133 99 26 113 228 97 166 56 234 217 61 209 182 54 175 146 70 139 106 20 46 189 47 203 4 131 117 190 1 122 132 66 114 41 215 233 206 14 183 84 180 90 212 67 104 218 2 219 10 213 63 200 102 173 83 126 221 198 193 211 155 60 205 248 253 125 192 34 86 42 226 121 40 230 38 127 69 141 164 82 220 120 148 241 232 236 6 252 36 157 74 216 0 100 150 44 135 53 244 77 37 202 251 55 250 112 186 71 160 89 105 235 25 153 130 103 242 204 154 27 119 22 58 94 68 123 43 65 145 72 188 92 19 199 52 93 124 28 238 207 75 214 231 196 5 115 62 187 3 181 64 201 11 195 158 18 172 149 29 107 156 185 243 178 210 87 138 194 147 50 88 142 222 48 171 33 140 169 35 179 8 108 16 144 7 32 134 118 73 225 81 255 129 78 254 15
Fitness: 46758324

Lamarck (mut=0.7 bl=400000)
88 245 120 79 191 229 236 42 108 198 235 5 251 106 11 145 210 43 225 133 56 124 4 154 34 93 48 175 37 181 239 50 53 127 166 38 125 0 137 97 184 26 237 59 173 128 1 150 109 211 18 159 195 244 213 33 185 100 19 147 194 9 115 70 148 2 197 170 82 247 90 116 28 134 238 30 113 129 20 218 15 209 217 55 174 27 135 69 123 196 65 219 139 67 138 249 203 46 99 240 3 200 61 224 162 64 156 201 41 241 57 250 234 182 75 126 193 51 190 63 168 152 143 60 226 141 157 10 72 136 171 202 29 164 160 132 80 102 86 204 151 40 101 176 167 16 252 25 153 186 39 205 22 178 149 232 87 215 32 177 242 246 45 227 155 49 172 165 206 35 144 13 104 44 94 58 92 36 187 228 71 119 105 17 248 169 21 142 243 146 85 158 183 114 73 68 189 188 76 98 111 91 112 117 6 192 118 14 89 121 207 122 12 208 220 214 62 221 131 74 212 140 77 199 130 7 222 66 223 54 103 8 230 24 231 180 47 233 253 179 163 254 52 255 23 216 78 110 95 81 107 161 84 96 31 83
Fitness: 45349714

Lamarck (mut=0.3 bl=200000)
236 67 167 64 171 88 187 42 234 111 65 154 153 83 175 103 202 224 57 151 71 233 45 116 252 21 162 98 78 133 225 18 33 218 195 41 150 178 165 7 198 131 0 196 219 8 170 163 241 39 142 168 44 99 53 107 173 75 139 169 9 239 77 207 35 164 177 74 237 17 209 155 52 220 76 126 159 19 254 179 186 208 90 134 109 194 100 6 221 43 247 174 59 145 240 49 92 60 117 214 38 183 25 242 40 157 232 11 108 20 203 23 89 121 105 46 104 54 172 30 212 182 14 115 110 147 63 213 132 37 255 137 29 128 66 176 113 91 140 26 181 80 138 118 238 144 84 200 223 61 146 69 141 210 5 185 188 130 197 85 124 48 227 50 112 253 136 206 125 70 249 129 13 228 56 246 36 96 47 191 12 251 15 143 27 127 193 34 204 10 205 180 229 4 102 51 192 199 217 28 158 73 166 31 231 222 32 161 58 250 149 1 120 22 93 189 68 122 79 243 135 55 190 244 201 215 24 94 184 106 72 114 248 101 86 123 82 148 245 2 156 3 119 160 16 230 216 226 87 95 97 81 152 211 62 235
Fitness: 45295516

Lamarck (mut=0.3 bl=50000)
3 188 201 103 132 20 158 60 250 127 78 119 85 99 53 236 202 254 63 194 61 169 83 129 8 157 164 65 178 219 248 36 241 31 247 57 137 226 161 13 229 37 215 122 56 152 80 252 253 96 97 89 249 1 251 195 244 228 90 187 134 67 115 45 200 69 175 238 182 181 82 142 48 237 113 101 73 95 49 125 81 151 27 203 19 131 143 16 204 46 220 12 155 30 114 227 138 232 172 15 240 105 74 118 4 243 39 198 70 145 28 180 33 176 50 163 218 68 94 108 110 123 22 174 193 133 40 246 135 34 186 11 10 149 139 51 179 17 98 189 58 111 144 64 165 239 221 245 213 199 59 231 23 190 208 29 140 214 77 184 24 153 75 171 47 185 126 84 106 168 18 177 205 43 196 223 162 25 216 42 192 76 116 154 71 146 112 52 136 160 233 88 14 255 62 107 55 197 128 54 217 9 170 225 38 141 44 93 235 222 150 191 124 210 32 207 2 120 86 206 121 35 167 66 92 79 148 72 173 41 147 7 224 212 104 91 102 211 5 117 26 242 21 130 6 159 209 166 156 0 230 100 109 87 234 183
Fitness: 45256750

Lamarck (mut=0.7 bl=100000)
75 240 66 163 76 203 6 162 237 64 125 232 61 95 68 211 250 89 252 1 192 14 152 81 107 93 239 5 241 122 103 143 96 148 8 170 142 204 37 144 40 244 70 227 111 16 120 26 188 29 251 79 106 39 242 223 199 56 132 2 201 117 90 206 63 102 3 222 41 128 145 38 231 115 85 110 137 86 196 165 194 0 171 25 189 87 161 153 57 164 173 82 127 255 97 20 249 186 99 208 52 172 88 226 114 23 108 183 73 169 43 209 197 50 167 44 245 84 147 213 91 177 218 22 113 30 190 36 80 210 46 174 180 141 207 77 124 253 15 94 179 126 69 168 158 7 151 140 71 216 55 139 42 182 149 129 12 155 101 175 195 92 54 228 221 18 150 130 159 10 98 67 191 60 121 45 19 160 246 220 24 112 178 48 248 247 181 17 184 233 28 187 205 74 100 78 156 58 212 235 51 234 27 185 32 105 104 53 219 119 13 229 230 35 176 4 217 9 118 146 131 33 31 133 47 202 214 59 215 254 224 34 193 116 200 21 138 154 157 198 236 49 225 109 243 65 123 166 83 134 72 238 135 62 136 11
Fitness: 45214822

